
M1 = 350;
M2 = 3.3;
dt = 1/100000;
fs = 100;    
% w(i) = w(i-1) + (M1*u-M2*w(i-1))*dt;